90

155 10 55 
154 41 80 
154 113 132 42 1 
153 8 68 
149 47 131 
147 21 137 
147 148 12 44 
146 57 99 
146 144 55 11 
142 48 111 
141 58 60 
139 15 115 
137 46 79 
137 140 144 55 9 
136 7 117 
135 4 72 
131 23 60 
131 132 42 1 
130 56 101 
129 74 17 23 
129 132 42 20 
127 64 56 
126 29 97 
123 59 22 
122 5 49 
120 37 92 
120 31 74 17 2 
119 13 88 
118 31 83 
115 54 50 
109 25 58 
109 58 50 86 87 14 9 
109 43 6 4 
109 53 144 55 11 
109 53 74 17 2 
108 70 38 
107 11 39 
106 16 19 
103 51 84 
102 68 80 
91 32 82 
90 39 75 
85 61 76 
85 87 14 7 
82 71 29 
80 53 58 
80 81 63 44 
80 79 81 63 3 
78 22 42 
76 30 83 
75 67 92 
70 36 95 
69 9 33 
67 49 60 
63 20 90 
63 81 63 7 
62 1 110 
62 49 48 47 66 5 
62 49 47 66 7 
57 18 85 
44 38 68 
44 2 22 52 3 
42 28 60 
42 43 6 36 
40 44 40 
40 151 148 12 7 
35 45 157 
35 31 74 17 8 
34 24 56 
34 32 33 1 
33 43 25 
33 32 33 15 
29 26 145 
28 50 73 
26 27 98 
25 2 179 
25 2 22 52 4 
23 62 31 
23 22 52 6 
17 0 93 
15 40 139 
11 69 49 
10 65 89 
9 34 56 
8 19 104 
8 0 32 33 4 
8 0 31 74 17 14 
7 35 22 
6 60 52 
4 3 114 
