362

799 77 97 
797 226 55 
792 110 72 
791 14 65 
790 12 129 
787 81 84 
786 97 138 
784 172 142 
781 152 91 
780 108 98 
778 71 59 
777 234 22 
776 43 98 
775 331 54 
774 258 103 
771 282 61 
770 220 106 
769 280 67 
767 300 93 
766 219 27 
765 266 22 
764 114 38 
758 7 37 
757 130 138 
756 342 63 
755 50 38 
751 80 80 
750 185 139 
749 75 86 
748 310 16 
746 63 31 
744 323 58 
744 752 323 322 284 8 
742 148 113 
741 58 48 
738 167 124 
737 223 117 
733 358 52 
732 292 26 
729 139 98 
726 197 48 
725 189 79 
722 132 63 
719 349 54 
718 340 49 
717 316 29 
713 46 171 
712 235 49 
711 293 128 
699 87 17 
697 249 51 
696 336 112 
695 229 16 
694 245 115 
691 324 39 
686 98 80 
685 141 48 
682 159 42 
679 176 84 
675 157 98 
674 57 75 
670 263 49 
669 166 54 
665 239 32 
664 233 52 
663 248 96 
656 3 21 
655 64 67 
653 49 126 
653 604 644 645 348 2 
648 205 59 
646 213 89 
642 133 103 
641 184 243 
641 518 519 136 2 
638 256 33 
634 246 106 
633 131 166 
631 325 133 
629 255 129 
627 180 63 
626 83 32 
625 143 43 
624 151 60 
623 84 87 
622 339 45 
619 124 247 
618 120 34 
617 72 69 
614 27 42 
613 314 50 
612 111 37 
598 359 52 
597 290 218 
596 207 48 
595 45 63 
593 232 49 
590 11 102 
589 287 146 
588 199 29 
587 318 113 
584 52 50 
580 206 140 
579 307 57 
576 289 38 
568 162 83 
567 115 43 
566 40 94 
565 269 36 
564 21 60 
563 281 48 
559 4 43 
556 346 106 
555 225 100 
550 138 106 
548 38 119 
546 268 61 
543 347 53 
541 154 78 
540 121 93 
538 95 34 
537 332 112 
534 129 33 
533 343 56 
532 113 21 
514 216 46 
508 218 68 
504 32 67 
502 19 75 
501 356 108 
498 9 66 
497 25 44 
495 20 44 
493 244 16 
493 492 158 11 
490 118 33 
486 299 37 
484 123 20 
483 334 80 
482 149 50 
480 0 23 
479 35 92 
478 303 15 
475 44 193 
472 70 97 
471 311 123 
471 460 463 494 116 8 
470 294 80 
469 305 54 
468 51 74 
466 217 78 
458 85 87 
453 10 94 
450 222 107 
449 24 25 
446 275 32 
445 186 24 
443 102 69 
441 240 52 
440 61 92 
439 69 70 
438 286 66 
437 241 61 
436 147 34 
433 96 36 
431 100 48 
430 193 121 
429 355 50 
429 592 527 585 586 30 2 
428 262 95 
428 427 94 13 
426 60 42 
425 41 131 
423 173 61 
422 264 100 
421 273 33 
419 304 169 
418 34 27 
416 2 42 
413 283 106 
412 194 93 
409 243 42 
409 411 127 5 
409 410 411 127 6 
405 183 106 
402 352 224 
401 320 88 
400 350 25 
399 140 52 
398 112 39 
388 335 61 
386 315 133 
385 170 38 
384 210 83 
383 90 57 
383 279 270 289 106 9 
382 247 51 
380 28 97 
379 201 39 
378 128 98 
375 328 158 
374 261 97 
369 165 25 
360 198 51 
359 42 15 
355 296 26 
350 8 39 
349 29 134 
345 271 61 
343 265 62 
339 142 158 
338 31 67 
337 6 58 
333 238 27 
330 160 84 
329 93 76 
328 82 67 
326 230 45 
324 257 154 
318 277 53 
317 177 100 
313 56 32 
312 53 34 
308 319 110 
306 341 64 
296 22 33 
293 301 62 
292 175 88 
290 126 27 
288 156 54 
287 250 57 
285 227 90 
269 150 57 
267 89 27 
265 39 157 
264 242 154 
263 322 62 
262 344 60 
261 91 185 
260 333 109 
256 202 26 
254 231 101 
251 146 80 
250 178 33 
249 47 70 
249 321 322 284 4 
248 253 65 
247 313 117 
246 54 80 
245 105 104 
243 252 67 
240 168 158 
238 187 32 
236 5 59 
236 203 234 171 5 
235 101 27 
233 155 190 
232 285 54 
227 86 35 
226 74 35 
225 302 50 
224 203 14 
222 37 92 
220 260 70 
219 145 37 
218 163 122 
211 306 60 
209 103 56 
208 209 105 
207 164 85 
198 195 118 
197 33 105 
195 329 35 
193 169 37 
188 117 127 
187 278 125 
185 221 163 
183 79 113 
182 212 27 
180 215 50 
179 259 115 
178 17 70 
176 276 148 
176 395 447 200 3 
173 107 44 
173 174 224 14 
171 36 69 
169 251 56 
168 92 35 
167 144 28 
166 338 72 
162 1 33 
161 254 77 
155 109 25 
152 236 48 
151 270 62 
150 190 62 
147 288 28 
138 182 71 
137 297 44 
136 161 49 
134 237 42 
131 181 41 
129 59 246 
128 67 43 
127 192 127 
125 78 119 
122 211 47 
120 13 42 
119 208 200 
118 345 85 
115 330 40 
115 789 788 15 14 
114 274 44 
109 291 87 
107 66 34 
103 137 92 
101 214 114 
97 76 18 
96 321 73 
95 23 77 
94 119 126 
93 327 64 
87 73 71 
86 298 122 
85 18 64 
84 312 99 
83 188 75 
82 99 110 
81 62 23 
77 153 95 
69 16 54 
63 337 117 
61 125 77 
59 353 184 
58 351 257 
57 309 53 
54 135 66 
52 26 133 
51 196 180 
49 191 42 
48 228 63 
48 38 55 13 
47 88 130 
39 272 81 
35 357 117 
34 204 134 
33 354 116 
32 279 131 
30 174 44 
25 317 176 
24 326 22 
23 65 66 
22 295 49 
18 134 56 
17 267 56 
16 122 156 
15 104 55 
14 179 64 
13 308 46 
12 68 30 
10 48 28 
