488

799 278 29 
799 333 300 40 
799 215 134 211 3 
797 168 92 
796 101 12 
795 106 106 
795 454 39 17 
793 196 34 
792 130 128 144 2 
791 249 127 
791 579 330 23 
790 395 186 21 
787 122 10 2 
785 348 292 605 609 207 3 
785 348 292 313 334 12 
784 153 104 
780 237 94 
779 366 129 24 
779 366 364 257 2 
778 170 43 
777 352 45 
776 333 300 2 
776 116 51 31 
775 44 38 
774 296 73 
774 2 527 277 270 14 
773 8 52 
771 17 72 
770 155 106 
770 282 344 24 
769 244 46 
769 44 154 14 
767 140 90 
765 308 49 
764 217 17 
763 138 22 
761 67 35 
760 161 88 
760 83 214 6 
760 432 62 6 
759 150 82 
757 245 72 
757 247 245 114 6 
756 325 81 
755 24 73 
753 265 70 
751 343 150 
751 616 158 137 4 
750 140 134 211 7 
745 185 101 
742 256 155 
742 514 515 562 258 1 
742 514 553 94 25 
741 31 92 
740 316 484 487 56 6 
740 316 317 191 61 3 
739 68 146 
738 173 57 
735 243 35 
735 473 59 2 
733 144 195 235 8 
731 309 141 
730 15 11 
728 261 15 
724 273 70 
723 577 200 12 
722 197 25 
721 276 28 
719 166 76 
718 246 92 
717 65 46 
717 46 55 4 
716 319 42 195 6 
716 367 369 368 364 257 11 
716 367 364 257 16 
716 145 196 7 10 
714 111 31 
712 284 22 
711 281 80 
710 311 43 
710 290 433 260 20 
710 290 294 327 348 1 
710 290 298 296 136 2 
707 158 137 24 
707 351 5 10 188 17 
707 351 384 97 13 
706 627 228 23 
706 627 626 147 7 
705 28 183 17 
705 245 114 9 
703 75 50 16 
701 56 516 411 208 5 
701 56 50 650 651 37 6 
699 170 132 18 
699 698 287 28 
699 697 69 204 12 
695 143 54 
692 267 44 
687 158 63 
685 118 52 
685 67 65 246 288 6 
685 686 12 41 
684 99 59 
679 322 63 
679 151 26 28 
677 22 46 
677 54 55 117 473 59 1 
677 441 452 1 25 
677 678 340 15 
676 53 50 
675 85 85 
672 254 79 
671 171 86 
671 455 280 241 1 
671 83 214 8 
670 169 69 
668 198 65 
663 299 119 
661 46 71 
660 81 165 
660 662 579 330 2 
660 662 27 98 23 
654 151 61 
654 656 224 5 
653 305 64 
653 656 224 4 
653 655 652 190 5 
653 652 190 38 
646 216 123 
644 28 49 
643 162 93 
642 174 62 
641 64 176 
641 169 171 170 132 8 
641 169 171 168 135 3 
641 169 170 132 5 
641 169 168 135 3 
640 41 78 
638 351 72 
634 346 87 
632 112 70 
632 118 121 291 26 
632 353 228 83 14 
629 293 52 
625 86 57 
599 271 55 
599 600 290 12 
594 156 61 
594 595 25 28 
594 593 427 142 12 
592 191 78 
592 589 212 19 
587 282 59 
584 313 138 
584 618 185 120 28 
580 280 51 
578 69 48 
576 209 127 
576 577 200 1 
576 516 411 208 5 
576 516 518 568 145 15 
575 91 86 
575 445 453 454 39 9 
574 122 62 
570 225 65 
569 236 46 
565 178 58 
557 72 135 
556 321 79 
554 172 54 
554 553 94 9 
552 49 90 
552 550 268 16 
551 223 47 
551 197 196 7 9 
549 93 80 
548 338 147 
542 202 131 
541 36 70 
538 133 66 
537 316 56 
537 214 230 45 2 
529 345 165 
528 139 46 
525 307 127 
525 62 411 208 3 
525 524 337 5 
520 328 163 
520 523 527 277 270 10 
520 522 148 31 
507 117 115 
506 229 45 
506 494 295 37 
505 32 145 
503 252 168 
503 485 651 37 15 
503 501 155 240 7 
500 248 118 
499 302 68 
499 170 132 4 
499 170 168 135 22 
497 84 55 
496 18 77 
496 495 11 11 
491 90 66 
491 444 473 59 7 
489 315 57 
488 286 45 
488 108 318 24 
488 108 109 157 20 
488 108 107 88 4 
482 77 163 
482 487 56 3 
482 486 485 651 37 4 
482 484 487 56 34 
481 131 52 
481 34 36 46 55 6 
481 480 266 14 
481 480 44 154 6 
475 357 90 
475 350 359 43 10 
474 275 108 
474 444 473 59 16 
474 444 485 651 37 5 
466 213 84 
464 221 135 
464 207 3 14 
463 100 124 
463 291 294 327 348 4 
463 465 467 437 218 2 
462 184 68 
459 327 68 
459 678 340 14 
457 54 51 
448 127 45 
438 167 129 
438 437 218 17 
435 342 45 
435 437 218 22 
428 210 58 
426 124 92 
426 389 293 317 191 61 1 
426 427 142 3 
424 232 51 
423 220 161 
416 353 103 
415 92 106 
415 605 609 207 20 
414 6 58 
413 130 123 
409 125 82 
409 411 208 11 
409 408 234 34 
402 203 99 
402 211 233 76 8 
400 358 91 
400 470 469 320 19 
400 79 109 11 
397 66 118 
396 269 53 
396 395 186 19 
396 394 165 14 
387 192 84 
386 63 47 
386 384 97 13 
385 319 56 
385 53 57 280 241 20 
385 53 50 650 651 37 8 
385 53 50 69 204 2 
383 274 187 
383 0 451 160 36 
383 0 368 364 257 2 
383 510 626 147 9 
381 215 69 
375 199 74 
375 377 297 11 
370 238 96 
370 591 589 212 1 
370 368 364 257 1 
370 367 364 257 4 
370 366 364 257 3 
370 364 257 1 
363 21 55 
363 361 310 25 
349 323 96 
349 595 25 1 
346 242 74 
342 57 45 
342 344 343 195 235 6 
342 343 195 235 7 
338 187 97 
338 230 45 18 
338 337 144 195 235 1 
338 337 144 190 279 25 
336 341 114 
335 194 86 
335 377 297 26 
335 380 169 168 135 5 
334 303 84 
334 283 285 432 62 2 
331 259 82 
331 45 44 154 8 
330 298 72 
329 163 50 
329 294 327 348 15 
328 52 81 
328 635 636 23 15 
326 326 69 
326 421 419 606 112 58 12 
326 421 419 606 609 207 8 
326 323 262 35 
326 294 327 348 11 
321 179 111 
320 292 72 
318 20 54 
310 128 64 
308 331 107 
301 95 92 
297 250 52 
297 296 136 12 
288 333 93 
288 515 562 258 12 
287 14 65 
286 40 72 
281 30 113 
281 282 344 12 
281 280 241 9 
281 279 105 41 
278 29 99 
275 149 63 
272 239 52 
272 216 276 277 270 7 
271 356 92 
271 440 443 470 469 320 5 
271 440 616 158 137 2 
270 226 100 
270 469 320 10 
269 80 58 
268 339 60 
268 609 207 5 
267 359 77 
266 306 54 
263 13 126 
263 212 214 230 45 9 
263 264 35 29 
259 231 51 
254 175 63 
252 19 94 
248 123 57 
243 82 83 
242 233 166 
241 219 90 
241 244 566 563 283 18 
238 205 93 
238 315 327 348 4 
238 492 494 295 4 
238 610 624 102 26 
238 610 626 147 6 
238 239 433 260 14 
237 121 50 
237 568 145 12 
234 272 84 
234 450 329 21 
234 235 233 76 13 
227 70 54 
226 189 45 
223 103 53 
218 324 52 
208 48 53 
205 251 106 
205 299 664 108 37 
203 16 110 
200 27 63 
198 152 94 
194 146 128 
189 253 63 
189 144 190 279 11 
188 87 64 
187 304 113 
186 33 94 
184 107 51 
184 185 120 4 
179 96 48 
178 289 140 
176 285 82 
175 116 60 
174 141 47 
167 201 135 
167 612 650 651 37 4 
166 193 123 
166 162 522 148 13 
164 0 97 
164 619 110 78 3 
161 336 59 
161 141 152 222 25 
161 141 155 240 13 
161 141 155 154 71 6 
161 141 140 134 211 5 
159 89 45 
147 355 70 
138 42 114 
138 109 157 10 
137 177 88 
137 45 44 154 10 
137 626 147 11 
135 104 73 
133 332 55 
131 182 46 
129 47 73 
127 60 60 
126 110 68 
124 75 162 
124 440 616 158 137 8 
124 122 10 39 
120 349 65 
120 121 291 10 
120 119 604 607 96 230 17 
120 119 121 291 4 
111 4 63 
111 113 317 33 
111 112 58 22 
111 112 110 78 8 
111 110 78 23 
103 38 84 
102 350 63 
102 101 347 40 
102 101 75 50 3 
98 255 49 
95 5 60 
95 96 230 21 
93 294 72 
93 50 69 204 29 
89 314 132 
88 134 51 
88 91 87 181 22 
88 90 91 87 181 8 
88 90 52 55 117 473 59 2 
86 277 67 
84 227 49 
84 46 55 12 
84 213 210 228 83 10 
82 301 123 
82 151 26 14 
82 81 312 35 
74 206 97 
73 335 57 
73 72 113 35 
70 126 73 
70 290 298 296 136 2 
63 263 53 
63 62 411 208 19 
59 2 128 
43 354 178 
43 659 107 88 11 
43 292 313 334 17 
43 41 567 563 283 8 
43 41 134 211 27 
43 41 42 195 9 
43 4 432 62 18 
40 164 54 
35 119 96 
35 128 144 33 
35 34 36 46 55 11 
32 264 75 
31 79 60 
29 9 63 
26 115 51 
26 28 183 9 
25 180 72 
19 74 86 
17 176 163 
17 235 233 76 19 
17 518 568 145 6 
17 3 99 636 23 1 
17 3 4 432 62 6 
17 3 38 280 241 6 
16 247 64 
16 144 190 279 3 
16 144 190 191 61 2 
14 73 155 
14 145 196 7 2 
14 145 143 197 196 7 7 
14 145 143 197 195 235 9 
14 145 143 185 120 10 
12 34 80 
7 159 64 
7 636 23 23 
7 5 10 188 14 
