366

798 56 83 
796 226 44 
794 201 48 
789 90 61 
788 202 87 
784 108 64 
781 244 31 
780 242 91 
776 241 101 
775 282 114 
774 253 59 
773 101 168 
771 214 46 
769 21 74 
769 46 325 11 
767 179 110 
766 286 28 
765 285 18 
765 764 272 8 
761 170 59 
760 321 80 
759 106 75 
757 135 87 
755 57 69 
754 54 202 
752 314 13 
751 28 80 
748 31 61 
747 251 37 
739 174 58 
736 42 131 
735 256 110 
732 59 18 
730 139 49 
729 236 26 
728 34 60 
722 279 23 
721 304 35 
720 152 37 
717 137 78 
716 290 22 
715 80 32 
710 19 190 
709 177 18 
708 6 17 
707 154 115 
703 74 47 
700 83 122 
697 161 41 
695 335 52 
689 144 26 
687 350 80 
686 164 157 
685 200 89 
684 227 62 
682 348 43 
678 337 26 
675 49 97 
665 38 131 
664 197 82 
662 136 48 
661 240 150 
660 221 110 
659 149 52 
658 147 75 
658 657 172 6 
655 277 28 
654 140 27 
650 52 24 
649 211 52 
647 163 55 
647 646 296 9 
644 3 51 
643 124 30 
642 355 76 
638 37 80 
637 346 112 
636 331 51 
634 231 65 
632 118 140 
631 265 113 
631 680 681 173 263 2 
630 15 92 
627 146 76 
625 158 93 
625 624 268 2 
623 349 60 
622 299 123 
621 96 65 
620 316 166 
619 16 48 
618 173 135 
608 222 113 
607 18 24 
605 43 53 
604 278 96 
601 243 25 
600 351 31 
597 196 56 
596 95 32 
594 190 48 
593 22 79 
592 229 65 
588 261 74 
588 538 105 3 
587 209 38 
586 138 51 
584 287 57 
582 343 69 
580 99 94 
579 66 139 
577 150 28 
575 271 43 
575 553 741 764 272 1 
571 232 27 
568 53 23 
566 91 33 
561 75 146 
560 354 74 
558 142 32 
557 205 35 
547 113 54 
544 27 68 
542 92 101 
540 235 35 
534 245 40 
532 234 74 
526 204 55 
522 116 18 
521 97 70 
519 156 152 
518 181 15 
515 24 56 
513 5 83 
512 327 125 
511 280 75 
506 102 89 
506 359 617 525 297 300 6 
504 100 106 
503 213 97 
502 72 123 
496 123 30 
495 295 17 
494 159 25 
492 292 110 
488 210 34 
484 208 45 
483 264 102 
482 39 58 
481 267 44 
477 35 49 
476 71 95 
473 238 35 
472 46 75 
470 328 75 
469 311 32 
465 254 154 
462 178 55 
460 61 29 
449 260 165 
448 77 19 
447 219 176 
444 308 101 
442 29 105 
440 323 48 
439 353 67 
436 188 84 
435 167 25 
434 283 71 
431 358 57 
430 333 66 
425 162 57 
424 233 142 
420 326 54 
417 274 82 
416 298 42 
414 30 50 
409 249 18 
408 207 49 
404 134 122 
403 342 78 
401 36 84 
399 182 41 
389 76 72 
388 294 65 
387 338 25 
380 252 154 
378 192 112 
377 307 47 
376 128 72 
375 40 113 
369 191 37 
368 81 68 
366 78 85 
364 50 34 
362 23 14 
361 330 49 
349 258 163 
346 313 72 
345 32 83 
344 125 74 
344 691 706 70 12 
343 112 46 
342 195 28 
339 0 51 
338 64 96 
337 217 149 
336 85 123 
333 320 53 
326 312 104 
326 327 2 6 
323 293 38 
320 303 76 
319 276 34 
318 352 44 
318 315 327 2 6 
316 47 109 
312 131 142 
311 68 36 
309 255 53 
308 87 58 
307 306 25 
306 119 53 
304 104 108 
303 10 61 
302 340 131 
299 169 29 
298 12 37 
298 297 300 4 
296 176 20 
295 347 33 
294 291 69 
293 223 52 
292 203 48 
287 67 167 
280 41 60 
276 143 35 
274 257 19 
273 237 54 
269 17 124 
259 25 87 
258 20 179 
256 151 36 
253 121 118 
252 228 52 
251 168 44 
250 194 74 
249 94 38 
248 98 116 
245 262 115 
243 88 53 
242 4 47 
241 51 30 
240 84 95 
239 133 104 
238 127 61 
233 336 15 
232 224 169 
231 206 28 
230 148 21 
228 218 56 
224 45 99 
220 180 54 
218 344 56 
211 315 14 
210 289 103 
209 301 28 
207 86 54 
206 126 98 
205 48 103 
204 132 75 
202 309 34 
200 82 100 
197 317 30 
195 7 122 
191 319 70 
185 165 72 
183 9 149 
178 266 132 
171 302 62 
159 55 37 
152 117 73 
151 230 128 
149 155 22 
147 69 75 
146 225 58 
145 250 24 
144 103 25 
143 171 88 
142 359 77 
141 185 82 
139 93 42 
138 8 60 
138 172 173 263 3 
135 247 102 
132 63 55 
131 184 77 
131 626 624 268 8 
130 334 130 
128 215 176 
127 310 118 
126 109 129 
125 62 44 
124 189 57 
121 329 275 
120 60 64 
120 119 114 13 
117 79 93 
116 153 30 
115 183 52 
114 58 40 
113 120 119 
112 281 67 
108 305 132 
107 288 14 
105 246 155 
104 73 83 
102 115 19 
101 248 33 
100 44 114 
99 89 56 
98 341 41 
97 220 42 
96 166 36 
95 332 74 
91 187 82 
88 318 94 
85 1 71 
83 129 94 
82 239 78 
81 26 59 
80 270 48 
69 324 39 
68 33 35 
66 130 40 
65 193 27 
58 297 160 
56 259 45 
55 145 55 
54 160 27 
53 13 44 
52 186 97 
51 199 120 
51 384 0 10 284 5 
50 175 24 
45 322 226 
45 455 459 538 105 4 
44 107 139 
43 157 73 
42 122 57 
40 198 121 
39 110 45 
38 212 18 
37 65 27 
35 269 37 
32 339 87 
30 111 17 
29 357 46 
23 356 60 
22 141 34 
20 11 66 
19 273 101 
16 216 245 
14 275 244 
11 345 89 
8 14 73 
