118

159 28 40 
159 75 61 4 
158 19 31 
157 33 27 
155 63 100 
155 92 61 37 3 
150 31 9 42 
150 11 15 38 
150 92 121 2 3 
149 1 71 
149 100 99 25 5 
149 109 92 121 2 3 
149 38 134 57 6 
148 12 48 
148 44 42 77 65 3 
147 7 85 
144 60 49 
142 43 28 
142 71 77 65 3 
142 71 76 75 61 1 
142 94 61 37 1 
139 51 119 
137 40 74 
135 5 101 
135 140 104 107 20 14 
131 34 55 
129 30 45 
129 78 62 6 
129 94 61 37 1 
128 22 145 
128 1 11 15 9 
128 1 101 99 25 19 
128 93 134 57 31 
128 127 0 5 
126 24 168 
126 5 7 73 75 61 1 
126 125 76 75 61 1 
126 125 91 120 31 10 
126 124 69 6 
123 32 79 
123 122 124 69 2 
114 41 103 
108 67 80 
106 64 118 
106 107 20 38 
106 105 92 121 2 3 
103 46 134 
103 105 92 121 2 21 
97 39 94 
89 44 192 
89 94 61 37 32 
87 45 68 
87 90 98 23 8 
85 16 103 
84 10 79 
84 127 0 8 
83 58 97 
81 36 101 
72 17 76 
72 40 65 55 17 
72 40 51 71 4 
72 77 65 21 
72 76 75 61 14 
72 73 75 61 20 
72 73 74 77 65 11 
69 14 73 
66 70 94 
66 47 48 21 25 
66 92 121 2 12 
66 92 127 0 11 
66 68 93 134 57 2 
66 68 67 49 12 
66 67 49 35 
63 6 70 
63 91 120 31 10 
63 91 3 31 9 7 
60 48 98 
60 61 37 25 
59 59 68 
59 58 52 12 
57 53 113 
57 8 54 2 
57 16 73 74 77 65 8 
57 16 73 74 75 61 1 
57 16 90 98 23 8 
57 16 90 99 25 4 
57 33 120 31 3 
57 33 58 52 6 
57 48 21 33 
57 41 65 55 10 
56 56 163 
54 11 73 
49 35 130 
49 50 13 30 
46 50 83 
46 45 66 35 
46 40 51 71 12 
37 27 95 
37 42 77 65 9 
37 42 77 75 61 11 
37 42 78 62 24 
36 3 122 
36 35 50 13 13 
36 35 50 51 71 2 
36 32 38 48 
30 26 85 
25 8 200 
22 4 115 
20 18 170 
20 79 68 42 
20 9 8 54 21 
20 18 29 11 
17 42 194 
17 12 14 11 15 1 
17 12 11 15 13 
17 101 99 25 5 
17 18 29 45 
4 47 73 
