98

158 17 87 
158 157 18 23 
154 31 45 
153 35 137 
152 45 79 
152 151 38 134 6 11 
146 71 79 
146 86 112 111 20 23 
146 86 112 110 3 1 
145 55 78 
143 12 101 
141 68 119 
141 85 131 64 12 
138 42 68 
138 136 23 33 
135 57 65 
133 39 58 
133 134 6 12 
133 132 134 6 6 
133 131 64 2 
129 49 67 
126 54 73 
124 2 83 
124 123 0 2 
122 22 83 
119 5 118 
119 136 23 8 
118 21 56 
117 67 102 
115 25 85 
113 37 64 
113 111 20 10 
113 110 3 6 
104 34 133 
103 59 46 
101 40 107 
100 41 196 
100 149 14 8 
98 51 61 
94 52 51 
93 33 45 
93 95 91 29 30 
93 91 29 1 
90 27 102 
90 87 65 21 
89 43 51 
78 60 63 
77 36 91 
73 44 84 
73 72 71 53 17 
70 69 75 
67 58 68 
67 123 0 37 
65 63 91 
65 85 131 64 10 
65 85 137 156 159 157 18 19 
65 83 109 149 14 5 
62 66 87 
61 50 116 
61 22 149 14 10 
61 64 9 43 
55 48 90 
55 40 71 53 16 
55 40 49 47 4 
55 58 57 7 6 
55 57 7 2 
55 56 57 7 4 
54 19 56 
53 30 83 
53 52 51 8 31 
53 51 8 7 
46 24 73 
46 49 47 1 
39 1 95 
37 13 116 
33 38 72 
33 57 7 2 
32 10 54 
31 4 64 
30 28 109 
30 48 49 47 21 
27 70 67 
26 11 53 
26 147 15 11 
26 34 7 16 13 
26 2 1 132 134 6 3 
26 2 1 132 131 64 11 
26 2 1 149 14 2 
16 46 91 
16 1 149 14 10 
16 1 7 16 9 
11 61 95 
11 105 82 109 149 14 1 
11 1 7 16 6 
8 62 89 
6 56 74 
5 26 179 
4 32 55 
